ref = EN4
mean = 13.90855617900697
std = 0.5102101109813537
