ref = EN4
mean = 1.5355417513870916E23
std = 2.2547946295631185E21
