ref = EN4
mean = 33.97744108143307
std = 0.13480149124388918
