ref = Volume of sigma4 Dummy WEDATL obs
mean = 1.9870234531062156e+16
std = 198702345310.62158
