ref = WOA13v2
mean =    1.450187e+23 
std =    2.320526e+21 
