ref = WOA13v2
mean = 1.470842e+23
std = 2.213998e+21
