ref = Max so_abs NOAA_WOA13v2: 1955-2012
mean = 36.181671142578125
std = 0.17396974563598633
