ref = Max depth NOAA_WOA13v2: 1955-2012
mean = 1159.1290283203125
std = 107.29222869873047
