ref = Max salinity NOAA_WOA13v2: 1955-2012
mean = 36.18808276292709
std = 0.17153072271993872
