ref = Depth of Max so_abs NOAA_WOA13v2: 1955-2012
mean = 1138.4206167522696
std = 94.4186524170566
