ref = Max depth
mean = 1159.1290283203125
std = 107.29222869873047
