ref = Max salinity
mean = 36.18808276292709
std = 0.17153072271993872
