ref = OSNAP
mean =   14.1555587557469 
std =   3.00367809885294 
