ref = mocsig east
mean = 2.1218408634656076
std = 0.5039048012063749
