ref = mocsig west
mean = 2.7021673953330305
std = 0.9704873411811503
