ref = OSNAP
mean = 3.51605007993885
std = 1.46948293332245
