ref = WOA13v2
mean = 3.413621e+20
std = 2.216037e+16
