ref = WOA13v2
mean =    3.363364e+20 
std  =    2.219117e+16 
